# rows with foreign_max>0 anywhere: max foreign seen = 0

vec	t	arm	n	med	p90	max	min	band	band%med	rawhi_med	rawhi_p90	rawhi_max
v4k_8tile	1	base	16	318.39	320.67	321.61	296.11	25.50	8.0%	6726	6770	6784
v4k_8tile	1	head	16	319.69	320.58	320.89	301.89	19.00	5.9%	6750	6768	6770
v4k_8tile	2	base	16	198.25	198.83	200.39	196.78	3.61	1.8%	4202	4214	4256
v4k_8tile	2	head	16	198.42	199.78	200.28	197.28	3.00	1.5%	4206	4239	4252
v4k_8tile	4	base	16	107.39	109.36	111.56	106.11	5.44	5.1%	2296	2328	2369
v4k_8tile	4	head	16	106.97	108.69	109.17	106.39	2.78	2.6%	2286	2318	2332
v4k_8tile	8	base	16	67.44	69.39	69.94	64.78	5.17	7.7%	1454	1493	1502
v4k_8tile	8	head	16	67.86	69.22	70.17	64.22	5.94	8.8%	1462	1489	1510
v4k_8tile	16	base	16	72.97	75.06	75.28	69.22	6.06	8.3%	1572	1606	1615
v4k_8tile	16	head	16	69.69	70.86	71.06	66.11	4.94	7.1%	1504	1524	1529
v4k_8tile_10b	1	base	16	359.94	361.11	362.50	358.44	4.06	1.1%	7637	7658	7681
v4k_8tile_10b	1	head	16	360.00	361.44	362.61	358.33	4.28	1.2%	7640	7662	7679
v4k_8tile_10b	2	base	16	206.61	208.31	209.50	204.61	4.89	2.4%	4415	4450	4485
v4k_8tile_10b	2	head	16	206.53	208.17	209.44	204.56	4.89	2.4%	4414	4451	4468
v4k_8tile_10b	4	base	15	110.89	114.27	114.83	108.78	6.06	5.5%	2406	2468	2477
v4k_8tile_10b	4	head	15	112.00	113.02	115.56	109.78	5.78	5.2%	2428	2444	2499
v4k_8tile_10b	8	base	14	71.19	73.36	73.50	68.94	4.56	6.4%	1569	1615	1619
v4k_8tile_10b	8	head	14	72.58	74.69	77.56	68.78	8.78	12.1%	1599	1646	1698
v4k_8tile_10b	16	base	14	77.19	78.62	79.17	74.78	4.39	5.7%	1692	1725	1741
v4k_8tile_10b	16	head	14	74.14	76.16	76.83	70.33	6.50	8.8%	1629	1674	1682

vec	t	n	med_b	med_h	r_med	p90_b	p90_h	r_p90	max_b	max_h	r_max	band_b	band_h	r_band
v4k_8tile	1	16	318.39	319.69	1.004	320.67	320.58	1.000	321.61	320.89	0.998	25.50	19.00	0.745
v4k_8tile	2	16	198.25	198.42	1.001	198.83	199.78	1.005	200.39	200.28	0.999	3.61	3.00	0.831
v4k_8tile	4	16	107.39	106.97	0.996	109.36	108.69	0.994	111.56	109.17	0.979	5.44	2.78	0.510
v4k_8tile	8	16	67.44	67.86	1.006	69.39	69.22	0.998	69.94	70.17	1.003	5.17	5.94	1.151
v4k_8tile	16	16	72.97	69.69	0.955	75.06	70.86	0.944	75.28	71.06	0.944	6.06	4.94	0.817
v4k_8tile_10b	1	16	359.94	360.00	1.000	361.11	361.44	1.001	362.50	362.61	1.000	4.06	4.28	1.055
v4k_8tile_10b	2	16	206.61	206.53	1.000	208.31	208.17	0.999	209.50	209.44	1.000	4.89	4.89	1.000
v4k_8tile_10b	4	15	110.89	112.00	1.010	114.27	113.02	0.989	114.83	115.56	1.006	6.06	5.78	0.954
v4k_8tile_10b	8	14	71.19	72.58	1.020	73.36	74.69	1.018	73.50	77.56	1.055	4.56	8.78	1.927
v4k_8tile_10b	16	14	77.19	74.14	0.960	78.62	76.16	0.969	79.17	76.83	0.971	4.39	6.50	1.481
