== pos_head_a.tsv
rep	ext_ms	int_ms_per_frame	foreign
0	3463	202.152698	2
1	3454	201.850537	2
2	3474	202.950534	2
3	3450	201.449586	2
4	3456	201.967893	2
5	3509	204.955911	2
6	3471	202.737419	4
7	3467	202.537604	2
8	3466	202.531198	2
9	3468	202.629789	2
10	3448	201.448383	2
11	3471	202.776122	2
12	3462	202.243687	2
13	3445	201.330615	2
14	3498	204.429607	2
15	3450	201.394443	1
== pos_head_b.tsv
rep	ext_ms	int_ms_per_frame	foreign
0	3284	191.923615	1
1	3387	197.868794	1
2	3391	198.038349	1
3	3402	198.816227	1
4	3397	198.339661	9
5	3403	198.808206	1
6	3386	197.944331	1
7	3392	198.218792	1
8	3406	199.040419	1
9	3411	199.368003	1
10	3419	199.862550	1
11	3422	199.972000	1
12	3407	199.049141	1
13	3411	199.291951	1
14	3417	199.612706	1
15	3447	201.473047	1
== pos_L3840x2160_420_10b_t1.tsv
rep	ext_ms	int_ms_per_frame
0	4060	236.311641
1	4159	242.669370
2	4174	243.010310
3	4065	234.283602
4	3981	231.763841
5	3988	232.151276
6	3974	231.272487
7	3990	232.234555
8	3963	230.743773
9	3980	231.711193
10	4120	240.305573
11	4139	241.392784
12	4179	243.326292
13	4071	237.265180
14	4231	246.791018
15	4202	244.886969
== pos_L3840x2160_420_8b_t1.tsv
rep	ext_ms	int_ms_per_frame
0	3502	204.570617
1	3482	203.429852
2	3517	205.458760
3	3465	202.339513
4	3470	203.125521
5	3608	211.598094
6	3517	205.833258
7	3506	205.164188
8	3523	205.861794
9	3905	229.886544
10	3691	215.959250
11	3743	218.926977
12	3717	217.447409
13	3666	214.599812
14	3651	213.411474
15	3637	212.234440
== pos_parent_a.tsv
rep	ext_ms	int_ms_per_frame	foreign
0	5718	339.960763	13
1	5611	333.372669	13
2	5748	340.175906	13
3	5369	318.258349	12
4	5569	331.200914	13
5	5704	339.333802	11
6	4756	278.351940	9
7	4350	253.464578	7
8	3706	215.591807	3
9	3570	208.342930	1
10	3459	202.103820	1
11	3464	202.351779	1
12	3486	203.688135	1
13	3492	204.087969	1
14	3683	215.851667	2
15	3489	203.774432	2
== pos_parent_b.tsv
rep	ext_ms	int_ms_per_frame	foreign
0	3450	201.574245	1
1	3415	199.560026	1
2	3434	200.662172	1
3	3457	202.009688	1
4	3446	201.418195	1
5	3452	201.678781	1
6	3453	201.828904	1
7	3478	203.148247	1
8	3439	200.908568	1
9	3434	200.639010	1
10	3456	201.874076	1
11	3435	200.690234	1
12	3451	201.691969	1
13	3439	200.940357	1
14	3413	199.393128	1
15	3476	203.044760	1
