RUN	v4k_8tile.avif	3840x2160	8bpc	threads=4	iters=4	ms_total=5505.67	ms_per_frame=1376.416
PROBE	tracker_instances_used	979
PROBE	slot_exhausted_events	0
PROBE	total_adds	203107580
PROBE	total_removes	203107580
PROBE	adds_per_frame	50776895
PROBE	lock_ops_per_frame	101553790
PROBE	contended_acquisitions	13452123
PROBE	contended_pct	3.3116
PROBE	total_spin_wait_ns	4110979616
PROBE	spin_wait_ns_per_frame	1027744904
PROBE	mean_wait_ns_per_contended	305.6
PROBE	overflow_spills	0
SLOT	rank	adds	removes	adds_pct	cont_add	cont_rem	cont_pct	wait_ns	occ_mean	occ_max	spill	max_end	threads	loc
SLOT	0	18084286	18084286	8.90	1032676	922861	5.407	738736734	0.22	7	0	8355840	4	crates/rav1d-disjoint-mut/src/lib.rs:1405
SLOT	1	18084286	18084286	8.90	950808	785818	4.801	572102494	0.21	7	0	8355840	4	crates/rav1d-disjoint-mut/src/lib.rs:1405
SLOT	2	18084286	18084286	8.90	1085460	892417	5.468	738429036	0.22	7	0	8355840	4	crates/rav1d-disjoint-mut/src/lib.rs:1405
SLOT	3	18084286	18084286	8.90	1062297	895165	5.412	605896013	0.25	7	0	8355840	4	crates/rav1d-disjoint-mut/src/lib.rs:1405
SLOT	4	13761924	13761924	6.78	319893	352060	2.441	140135324	0.15	7	0	8355840	4	crates/rav1d-disjoint-mut/src/lib.rs:1405
SLOT	5	13761924	13761924	6.78	415236	413052	3.009	209915627	0.15	7	0	8355840	4	crates/rav1d-disjoint-mut/src/lib.rs:1405
SLOT	6	13761924	13761924	6.78	355975	340244	2.530	168270583	0.15	7	0	8355840	4	crates/rav1d-disjoint-mut/src/lib.rs:1405
SLOT	7	13761924	13761924	6.78	362640	355906	2.611	202845294	0.14	7	0	8355840	4	crates/rav1d-disjoint-mut/src/lib.rs:1405
SLOT	8	13761496	13761496	6.78	417049	305819	2.626	201897882	0.16	7	0	8355840	4	crates/rav1d-disjoint-mut/src/lib.rs:1405
SLOT	9	13761496	13761496	6.78	429222	344828	2.812	184579182	0.16	7	0	8355840	4	crates/rav1d-disjoint-mut/src/lib.rs:1405
SLOT	10	13761496	13761496	6.78	362639	315739	2.465	157545835	0.16	7	0	8355840	4	crates/rav1d-disjoint-mut/src/lib.rs:1405
SLOT	11	13761496	13761496	6.78	377174	356724	2.666	190602683	0.15	7	0	8355840	4	crates/rav1d-disjoint-mut/src/lib.rs:1405
SLOT	12	573728	573728	0.28	0	0	0.000	0	0.00	0	0	1566752	4	crates/rav1d-disjoint-mut/src/lib.rs:1405
SLOT	13	294480	294480	0.14	0	0	0.000	0	0.00	0	0	32	1	src/decode.rs:1682
SLOT	14	288048	288048	0.14	0	0	0.000	0	0.00	0	0	32	1	src/recon.rs:2346
SLOT	15	281637	281637	0.14	0	0	0.000	0	0.00	0	0	32	1	src/decode.rs:1682
SLOT	16	281124	281124	0.14	0	0	0.000	0	0.00	0	0	32	1	src/decode.rs:1682
SLOT	17	277434	277434	0.14	0	0	0.000	0	0.00	0	0	32	1	src/recon.rs:2346
SLOT	18	276780	276780	0.14	0	0	0.000	0	0.00	0	0	32	1	src/recon.rs:2346
SLOT	19	271539	271539	0.13	0	0	0.000	0	0.00	0	0	32	1	src/decode.rs:1682
THREAD	tid	adds	removes	contended	wait_ns
THREAD	0	86938514	86938514	4051783	1126880949
THREAD	1	41979560	41979560	3347765	1026114730
THREAD	2	47554283	47554283	2923593	961076628
THREAD	3	26635223	26635223	3128982	996907309
RUN	v4k_8tile.avif	3840x2160	8bpc	threads=8	iters=4	ms_total=10230.71	ms_per_frame=2557.679
PROBE	tracker_instances_used	1039
PROBE	slot_exhausted_events	0
PROBE	total_adds	203107580
PROBE	total_removes	203107580
PROBE	adds_per_frame	50776895
PROBE	lock_ops_per_frame	101553790
PROBE	contended_acquisitions	20497802
PROBE	contended_pct	5.0460
PROBE	total_spin_wait_ns	19487229624
PROBE	spin_wait_ns_per_frame	4871807406
PROBE	mean_wait_ns_per_contended	950.7
PROBE	overflow_spills	0
SLOT	rank	adds	removes	adds_pct	cont_add	cont_rem	cont_pct	wait_ns	occ_mean	occ_max	spill	max_end	threads	loc
SLOT	0	18084286	18084286	8.90	1633784	1277866	8.050	3051078042	0.32	8	0	8355840	8	crates/rav1d-disjoint-mut/src/lib.rs:1405
SLOT	1	18084286	18084286	8.90	1351176	1184795	7.012	2233893511	0.32	8	0	8355840	8	crates/rav1d-disjoint-mut/src/lib.rs:1405
SLOT	2	18084286	18084286	8.90	1740246	1432360	8.772	4022433221	0.34	8	0	8355840	8	crates/rav1d-disjoint-mut/src/lib.rs:1405
SLOT	3	18084286	18084286	8.90	1335381	1180519	6.956	2336726172	0.28	8	0	8355840	8	crates/rav1d-disjoint-mut/src/lib.rs:1405
SLOT	4	13761924	13761924	6.78	609140	519027	4.099	1006561977	0.19	8	0	8355840	8	crates/rav1d-disjoint-mut/src/lib.rs:1405
SLOT	5	13761924	13761924	6.78	713143	587593	4.726	1187817789	0.23	8	0	8355840	8	crates/rav1d-disjoint-mut/src/lib.rs:1405
SLOT	6	13761924	13761924	6.78	565709	491667	3.842	855236920	0.19	8	0	8355840	8	crates/rav1d-disjoint-mut/src/lib.rs:1405
SLOT	7	13761924	13761924	6.78	691845	620121	4.767	1137789471	0.24	8	0	8355840	8	crates/rav1d-disjoint-mut/src/lib.rs:1405
SLOT	8	13761496	13761496	6.78	578466	543092	4.075	1003626333	0.20	8	0	8355840	8	crates/rav1d-disjoint-mut/src/lib.rs:1405
SLOT	9	13761496	13761496	6.78	649988	572795	4.443	874290503	0.21	8	0	8355840	8	crates/rav1d-disjoint-mut/src/lib.rs:1405
SLOT	10	13761496	13761496	6.78	497237	449373	3.439	768583604	0.17	8	0	8355840	8	crates/rav1d-disjoint-mut/src/lib.rs:1405
SLOT	11	13761496	13761496	6.78	691592	580368	4.621	1009134043	0.22	8	0	8355840	8	crates/rav1d-disjoint-mut/src/lib.rs:1405
SLOT	12	573728	573728	0.28	0	0	0.000	0	0.00	0	0	1566752	8	crates/rav1d-disjoint-mut/src/lib.rs:1405
SLOT	13	194787	194787	0.10	0	0	0.000	0	0.00	0	0	32	1	src/decode.rs:1682
SLOT	14	189468	189468	0.09	0	0	0.000	0	0.00	0	0	32	1	src/recon.rs:2346
SLOT	15	169056	169056	0.08	0	0	0.000	0	0.00	0	0	32	1	src/decode.rs:1682
SLOT	16	165594	165594	0.08	0	0	0.000	0	0.00	0	0	32	1	src/recon.rs:2346
SLOT	17	159652	159652	0.08	281	238	0.163	58038	0.11	3	0	391680	8	crates/rav1d-disjoint-mut/src/lib.rs:1405
SLOT	18	159280	159280	0.08	0	0	0.000	0	0.00	0	0	1551424	8	crates/rav1d-disjoint-mut/src/lib.rs:1405
SLOT	19	157518	157518	0.08	0	0	0.000	0	0.00	0	0	32	1	src/decode.rs:1682
THREAD	tid	adds	removes	contended	wait_ns
THREAD	0	26976835	26976835	3163355	2951834571
THREAD	1	19837620	19837620	1979915	1846122617
THREAD	2	37959911	37959911	2919886	2843284609
THREAD	3	30284265	30284265	2641600	2713939503
THREAD	4	15007032	15007032	1533345	1408616927
THREAD	5	25178419	25178419	2175021	1994070535
THREAD	6	21150321	21150321	2516565	2360027804
THREAD	7	26713177	26713177	3568115	3369333058
